Primes used: [2, 3, 5, 7, 11, 13, 17, 19, 23, 29, 31, 37, 41, 43, 47, 53, 59, 61, 67, 71, 73, 79, 83, 89, 97] 

           name | bitlen | sorted complement bit lengths (trimmed to 25 highest)
--------------------------------------------------------------------------------
      secp112r2 |    110 | [ 1,   1,   1,   1,   1,   1,   1,   1,   1,   1,   1,   1,   1,   2,   2,   2,   2,   2,   2,   2,   3,   5,   5,   5,   5]
      secp112r1 |    112 | [ 1,   1,   1,   1,   1,   1,   1,   1,   1,   1,   1,   1,   1,   2,   2,   2,   2,   2,   2,   3,   3,   3,   3,   3,   3]
      secp128r2 |    126 | [ 1,   1,   1,   1,   1,   1,   1,   1,   1,   1,   1,   1,   1,   1,   1,   1,   2,   2,   2,   2,   2,   2,   2,   2,   2]
      secp128r1 |    128 | [ 1,   1,   1,   1,   1,   1,   1,   1,   2,   2,   2,   2,   2,   3,   3,   3,   3,   3,   3,   3,   3,   4,   5,   8,  10]
           mnt1 |    156 | [ 1,   1,   1,   1,   1,   1,   1,   1,   1,   2,   2,   2,   2,   2,   3,   3,   3,   3,   3,   3,   4,   6,   7,   8,  14]
          bn158 |    158 | [ 1,   1,   1,   1,   1,   1,   1,   1,   2,   2,   2,   2,   3,   3,   3,   3,   3,   3,   4,   4,   4,   4,   5,   5,   5]
         mnt2/1 |    159 | [ 1,   1,   1,   1,   1,   1,   1,   1,   1,   1,   1,   1,   1,   1,   1,   2,   2,   2,   3,   3,   3,   3,   3,   3,   3]
         mnt2/2 |    159 | [ 1,   1,   1,   1,   1,   1,   1,   1,   1,   1,   1,   1,   1,   1,   1,   2,   2,   2,   3,   3,   3,   3,   3,   3,   3]
         mnt3/1 |    160 | [ 1,   1,   1,   1,   1,   1,   1,   1,   1,   1,   2,   2,   2,   2,   2,   2,   2,   2,   2,   2,   2,   2,   3,   3,   3]
         mnt3/2 |    160 | [ 1,   1,   1,   1,   1,   1,   1,   1,   1,   1,   2,   2,   2,   2,   2,   2,   2,   2,   2,   2,   2,   2,   3,   3,   3]
         mnt3/3 |    160 | [ 1,   1,   1,   1,   1,   1,   1,   1,   1,   1,   2,   2,   2,   2,   2,   2,   2,   2,   2,   2,   2,   2,   3,   3,   3]
brainpoolP160r1 |    160 | [ 1,   1,   1,   1,   1,   1,   1,   1,   1,   1,   2,   2,   2,   2,   2,   2,   2,   3,   3,   3,   3,   4,   4,   5,   5]
brainpoolP160t1 |    160 | [ 1,   1,   1,   1,   1,   1,   1,   1,   1,   1,   2,   2,   2,   2,   2,   2,   2,   3,   3,   3,   3,   4,   4,   5,   5]
      secp160r2 |    161 | [ 1,   1,   1,   1,   1,   1,   1,   1,   1,   1,   1,   1,   1,   1,   1,   2,   2,   2,   2,   2,   2,   2,   2,   2,   2]
      secp160k1 |    161 | [ 1,   1,   1,   1,   1,   1,   1,   1,   1,   1,   1,   1,   2,   2,   2,   2,   2,   2,   3,   3,   3,   3,   3,   4,   4]
      secp160r1 |    161 | [ 1,   1,   1,   1,   1,   1,   1,   1,   1,   1,   2,   2,   2,   2,   2,   2,   2,   2,   2,   2,   2,   2,   4,   4,   4]
      sect163r1 |    162 | [ 1,   1,   1,   1,   1,   1,   2,   2,   2,   2,   2,   2,   2,   2,   2,   3,   3,   3,   4,   4,   4,   4,   5,   7,   8]
          K-163 |    163 | [ 1,   1,   1,   1,   1,   1,   1,   1,   1,   1,   2,   2,   2,   2,   2,   2,   2,   2,   3,   3,   3,   3,   4,   4,   6]
      sect163k1 |    163 | [ 1,   1,   1,   1,   1,   1,   1,   1,   1,   1,   2,   2,   2,   2,   2,   2,   2,   2,   3,   3,   3,   3,   4,   4,   6]
          B-163 |    163 | [ 1,   1,   1,   1,   1,   1,   1,   1,   1,   1,   2,   2,   2,   2,   2,   2,   2,   2,   2,   2,   2,   2,   2,   2,   2]
      sect163r2 |    163 | [ 1,   1,   1,   1,   1,   1,   1,   1,   1,   1,   2,   2,   2,   2,   2,   2,   2,   2,   2,   2,   2,   2,   2,   2,   2]
          bn190 |    190 | [ 1,   1,   1,   1,   1,   2,   2,   2,   2,   2,   2,   2,   3,   3,   3,   3,   3,   3,   3,   3,   3,   4,   5,   6,   8]
brainpoolP192r1 |    192 | [ 1,   1,   1,   1,   2,   2,   2,   2,   2,   2,   2,   2,   2,   3,   3,   3,   4,   4,   5,   5,   5,   5,   6,   6,   7]
brainpoolP192t1 |    192 | [ 1,   1,   1,   1,   2,   2,   2,   2,   2,   2,   2,   2,   2,   3,   3,   3,   4,   4,   5,   5,   5,   5,   6,   6,   7]
      secp192k1 |    192 | [ 1,   1,   1,   1,   1,   1,   2,   2,   2,   2,   2,   2,   2,   3,   3,   3,   3,   4,   4,   5,   6,   7,   8,   9,  11]
     prime192v2 |    192 | [ 1,   1,   1,   1,   1,   1,   1,   1,   2,   2,   2,   2,   2,   2,   2,   2,   2,   2,   3,   3,   3,   3,   4,   4,   5]
     prime192v3 |    192 | [ 1,   1,   1,   1,   1,   1,   1,   1,   2,   2,   2,   2,   2,   2,   2,   2,   2,   2,   2,   2,   2,   2,   3,   3,   3]
          P-192 |    192 | [ 1,   1,   1,   1,   1,   1,   1,   1,   2,   2,   2,   2,   2,   2,   2,   2,   2,   3,   3,   4,   4,   5,   5,   6,   7]
     prime192v1 |    192 | [ 1,   1,   1,   1,   1,   1,   1,   1,   2,   2,   2,   2,   2,   2,   2,   2,   2,   3,   3,   4,   4,   5,   5,   6,   7]
      secp192r1 |    192 | [ 1,   1,   1,   1,   1,   1,   1,   1,   2,   2,   2,   2,   2,   2,   2,   2,   2,   3,   3,   4,   4,   5,   5,   6,   7]
     Curve22103 |    218 | [ 1,   1,   1,   1,   1,   1,   1,   1,   1,   1,   1,   1,   1,   2,   2,   2,   3,   3,   3,   3,   3,   3,   3,   7,   7]
          M-221 |    219 | [ 1,   1,   1,   1,   1,   1,   2,   2,   2,   2,   2,   2,   2,   2,   2,   2,   2,   2,   2,   2,   2,   3,   4,   4,   4]
          E-222 |    220 | [ 1,   1,   1,   1,   1,   1,   1,   1,   1,   1,   2,   2,   2,   2,   2,   2,   2,   2,   2,   2,   2,   2,   2,   2,   2]
          bn222 |    222 | [ 1,   1,   1,   1,   1,   1,   1,   1,   1,   1,   1,   2,   2,   2,   2,   2,   2,   2,   3,   3,   3,   3,   3,   3,   9]
brainpoolP224r1 |    224 | [ 1,   1,   1,   1,   1,   1,   1,   1,   1,   2,   2,   2,   2,   2,   2,   2,   2,   2,   2,   2,   2,   2,   2,   2,   3]
brainpoolP224t1 |    224 | [ 1,   1,   1,   1,   1,   1,   1,   1,   1,   2,   2,   2,   2,   2,   2,   2,   2,   2,   2,   2,   2,   2,   2,   2,   3]
        Fp224BN |    224 | [ 1,   1,   1,   1,   1,   1,   1,   1,   1,   2,   2,   2,   2,   2,   2,   2,   3,   3,   3,   3,   4,   4,   4,   6,   8]
          P-224 |    224 | [ 1,   1,   1,   1,   1,   1,   1,   1,   1,   2,   2,   2,   2,   2,   2,   2,   2,   3,   3,   3,   3,   4,   5,   5,   6]
      secp224r1 |    224 | [ 1,   1,   1,   1,   1,   1,   1,   1,   1,   2,   2,   2,   2,   2,   2,   2,   2,   3,   3,   3,   3,   4,   5,   5,   6]
      Curve4417 |    224 | [ 1,   1,   1,   1,   1,   1,   1,   1,   2,   2,   2,   2,   2,   2,   2,   2,   2,   3,   3,   4,   4,   4,   4,   4,   6]
      secp224k1 |    225 | [ 1,   1,   1,   1,   1,   1,   1,   2,   2,   2,   2,   2,   2,   2,   2,   2,   2,   2,   2,   2,   2,   2,   3,   3,   3]
          K-233 |    232 | [ 1,   1,   1,   1,   1,   1,   1,   1,   1,   2,   2,   2,   2,   2,   2,   2,   2,   2,   2,   3,   3,   3,   3,   4,   8]
      sect233k1 |    232 | [ 1,   1,   1,   1,   1,   1,   1,   1,   1,   2,   2,   2,   2,   2,   2,   2,   2,   2,   2,   3,   3,   3,   3,   4,   8]
          B-233 |    233 | [ 1,   1,   1,   1,   1,   2,   2,   2,   2,   2,   2,   2,   2,   2,   2,   2,   2,   2,   2,   2,   2,   3,   3,   4,   7]
      sect233r1 |    233 | [ 1,   1,   1,   1,   1,   2,   2,   2,   2,   2,   2,   2,   2,   2,   2,   2,   2,   2,   2,   2,   2,   3,   3,   4,   7]
      sect239k1 |    238 | [ 1,   1,   1,   1,   1,   1,   1,   1,   1,   2,   2,   2,   2,   2,   3,   3,   3,   3,   3,   3,   3,   3,   3,   7,   9]
     prime239v3 |    239 | [ 1,   1,   1,   1,   1,   1,   1,   1,   1,   1,   1,   1,   1,   2,   2,   2,   3,   3,   3,   3,   4,   4,   4,   5,   7]
     prime239v1 |    239 | [ 1,   1,   1,   1,   1,   1,   1,   1,   1,   1,   1,   2,   2,   2,   2,   2,   2,   2,   2,   3,   4,   4,   4,   4,   8]
     prime239v2 |    239 | [ 1,   1,   1,   1,   1,   1,   1,   2,   2,   2,   2,   2,   2,   2,   2,   3,   3,   3,   3,   3,   4,   5,   5,   6,   6]
           mnt4 |    240 | [ 1,   1,   1,   1,   1,   1,   1,   1,   1,   1,   2,   2,   2,   2,   2,   3,   3,   3,   3,   3,   4,   4,   4,   4,   9]
         mnt5/1 |    240 | [ 1,   1,   1,   1,   1,   1,   1,   1,   1,   1,   1,   1,   1,   2,   2,   2,   2,   2,   2,   2,   3,   3,   3,   3,   3]
         mnt5/2 |    240 | [ 1,   1,   1,   1,   1,   1,   1,   1,   1,   1,   1,   1,   1,   2,   2,   2,   2,   2,   2,   2,   3,   3,   3,   3,   3]
         mnt5/3 |    240 | [ 1,   1,   1,   1,   1,   1,   1,   1,   1,   1,   1,   1,   1,   2,   2,   2,   2,   2,   2,   2,   3,   3,   3,   3,   3]
      Curve1174 |    249 | [ 1,   1,   1,   2,   2,   2,   2,   3,   3,   3,   3,   3,   3,   4,   4,   4,   4,   5,   5,   5,   6,   6,   6,   8,   8]
     Curve25519 |    253 | [ 1,   1,   1,   1,   1,   1,   1,   1,   1,   2,   2,   2,   3,   3,   3,   3,   3,   3,   3,   3,   3,   4,   4,   4,   5]
        Ed25519 |    253 | [ 1,   1,   1,   1,   1,   1,   1,   1,   1,   2,   2,   2,   3,   3,   3,   3,   3,   3,   3,   3,   3,   4,   4,   4,   5]
       Fp254BNa |    254 | [ 1,   1,   1,   1,   2,   2,   2,   2,   2,   2,   3,   3,   3,   3,   3,   4,   4,   4,   5,   5,   5,   6,   6,   9,  11]
       Fp254BNb |    254 | [ 1,   1,   1,   1,   1,   1,   2,   2,   2,   2,   2,   2,   2,   2,   2,   3,   3,   3,   3,   3,   3,   4,   4,   4,   7]
          bn254 |    254 | [ 1,   1,   1,   1,   1,   1,   2,   2,   2,   2,   2,   2,   2,   2,   2,   3,   3,   3,   3,   3,   3,   4,   4,   4,   7]
      BLS12-381 |    255 | [ 1,   1,   1,   1,   1,   1,   1,   1,   2,   2,   2,   2,   2,   2,   2,   3,   3,   3,   3,   3,   5,   5,   5,   6,   7]
        gost256 |    256 | [ 1,   1,   1,   1,   1,   1,   1,   1,   2,   2,   2,   2,   2,   2,   2,   2,   2,   2,   3,   3,   3,   5,   5,   5,   6]
brainpoolP256r1 |    256 | [ 1,   1,   1,   1,   1,   1,   1,   1,   2,   2,   2,   2,   2,   2,   2,   2,   2,   2,   2,   2,   2,   2,   3,   5,   5]
brainpoolP256t1 |    256 | [ 1,   1,   1,   1,   1,   1,   1,   1,   2,   2,   2,   2,   2,   2,   2,   2,   2,   2,   2,   2,   2,   2,   3,   5,   5]
       FRP256v1 |    256 | [ 1,   1,   1,   1,   1,   1,   1,   1,   2,   2,   2,   2,   2,   2,   2,   3,   3,   3,   3,   3,   3,   3,   4,   5,   5]
          P-256 |    256 | [ 1,   1,   1,   1,   1,   1,   1,   1,   1,   1,   1,   2,   2,   2,   2,   2,   2,   2,   2,   3,   3,   3,   6,   6,   8]
     prime256v1 |    256 | [ 1,   1,   1,   1,   1,   1,   1,   1,   1,   1,   1,   2,   2,   2,   2,   2,   2,   2,   2,   3,   3,   3,   6,   6,   8]
      secp256r1 |    256 | [ 1,   1,   1,   1,   1,   1,   1,   1,   1,   1,   1,   2,   2,   2,   2,   2,   2,   2,   2,   3,   3,   3,   6,   6,   8]
        Fp256BN |    256 | [ 1,   1,   1,   1,   1,   1,   1,   2,   2,   2,   2,   2,   2,   2,   2,   2,   3,   3,   3,   4,   4,   5,   5,   7,   8]
      secp256k1 |    256 | [ 1,   1,   1,   1,   1,   1,   1,   1,   1,   1,   2,   2,   2,   2,   2,   2,   2,   2,   3,   3,   3,   3,   3,   7,   8]
          K-283 |    281 | Not computed
      sect283k1 |    281 | Not computed
          B-283 |    282 | Not computed
      sect283r1 |    282 | Not computed
          bn286 |    286 | Not computed
      BLS12-446 |    299 | Not computed
      BLS12-455 |    305 | Not computed
          bn318 |    318 | Not computed
brainpoolP320r1 |    320 | Not computed
brainpoolP320t1 |    320 | Not computed
          bn350 |    350 | Not computed
     Curve67254 |    380 | Not computed
          M-383 |    381 | Not computed
          bn382 |    382 | Not computed
      BLS24-477 |    383 | Not computed
brainpoolP384r1 |    384 | Not computed
brainpoolP384t1 |    384 | Not computed
        Fp384BN |    384 | Not computed
          P-384 |    384 | Not computed
      secp384r1 |    384 | Not computed
          K-409 |    407 | Not computed
      sect409k1 |    407 | Not computed
          B-409 |    409 | Not computed
      sect409r1 |    409 | Not computed
          bn414 |    414 | Not computed
      BLS12-638 |    427 | Not computed
          bn446 |    446 | Not computed
          Ed448 |    446 | Not computed
          bn478 |    478 | Not computed
          M-511 |    509 | Not computed
          bn510 |    510 | Not computed
        gost512 |    511 | Not computed
brainpoolP512r1 |    512 | Not computed
brainpoolP512t1 |    512 | Not computed
        Fp512BN |    512 | Not computed
          P-521 |    521 | Not computed
      secp521r1 |    521 | Not computed
          bn542 |    542 | Not computed
          K-571 |    570 | Not computed
      sect571k1 |    570 | Not computed
          B-571 |    570 | Not computed
      sect571r1 |    570 | Not computed
          bn574 |    574 | Not computed
          bn606 |    606 | Not computed
          bn638 |    638 | Not computed
